   .1414213562373E+01
  0.
  0.
  0.
  0.
  0.
  0.
  0.
  0.
  0.
  0.
  0.
  0.
  0.
  0.
  0.
  0.
  0.
  -.4714045207910E+00
   .8432740427116E+00
  0.
  0.
  0.
  0.
  0.
  0.
  0.
  0.
  0.
  0.
  0.
  0.
  0.
  0.
  0.
  0.
  -.9428090415821E-01
  -.4818708815495E+00
   .8619968380179E+00
  0.
  0.
  0.
  0.
  0.
  0.
  0.
  0.
  0.
  0.
  0.
  0.
  0.
  0.
  0.
  -.4040610178209E-01
  -.1204677203874E+00
  -.4701800934643E+00
   .8693633003528E+00
  0.
  0.
  0.
  0.
  0.
  0.
  0.
  0.
  0.
  0.
  0.
  0.
  0.
  0.
  -.2244783432338E-01
  -.5840859170296E-01
  -.1205589983242E+00
  -.4636604268548E+00
   .8732969134343E+00
  0.
  0.
  0.
  0.
  0.
  0.
  0.
  0.
  0.
  0.
  0.
  0.
  0.
  -.1428498547852E-01
  -.3510131712919E-01
  -.6027949916209E-01
  -.1193243745582E+00
  -.4596299544391E+00
   .8757430854200E+00
  0.
  0.
  0.
  0.
  0.
  0.
  0.
  0.
  0.
  0.
  0.
  0.
  -.9889605331282E-02
  -.2358808511081E-01
  -.3723145536482E-01
  -.6029021030311E-01
  -.1181905597129E+00
  -.4569094358713E+00
   .8774111554978E+00
  0.
  0.
  0.
  0.
  0.
  0.
  0.
  0.
  0.
  0.
  0.
  -.7252377242938E-02
  -.1699729662397E-01
  -.2560479035616E-01
  -.3768138143944E-01
  -.5995173318771E-01
  -.1172734218736E+00
  -.4549539324803E+00
   .8786213732079E+00
  0.
  0.
  0.
  0.
  0.
  0.
  0.
  0.
  0.
  0.
  -.5545935538718E-02
  -.1285295040094E-01
  -.1881168271065E-01
  -.2621313491440E-01
  -.3768394657513E-01
  -.5956745238025E-01
  -.1165399235910E+00
  -.4534819990751E+00
   .8795394708720E+00
  0.
  0.
  0.
  0.
  0.
  0.
  0.
  0.
  0.
  -.4378370162147E-02
  -.1007005712216E-01
  -.1445929028225E-01
  -.1946325267394E-01
  -.2637876260259E-01
  -.3755060306298E-01
  -.5920979988899E-01
  -.1159471020362E+00
  -.4523345850199E+00
   .8802598134565E+00
  0.
  0.
  0.
  0.
  0.
  0.
  0.
  0.
  -.3544394893164E-02
  -.8107936491276E-02
  -.1148710283534E-01
  -.1510375868877E-01
  -.1970827090998E-01
  -.2637963512668E-01
  -.3737992417234E-01
  -.5889376611364E-01
  -.1154607799600E+00
  -.4514152889521E+00
   .8808400765093E+00
  0.
  0.
  0.
  0.
  0.
  0.
  0.
  -.2927978390006E-02
  -.6671210145021E-02
  -.9359861569540E-02
  -.1210253767346E-01
  -.1538516632328E-01
  -.1978472634501E-01
  -.2631546661733E-01
  -.3720653467314E-01
  -.5861854982586E-01
  -.1150558480378E+00
  -.4506623647257E+00
   .8813174963252E+00
  0.
  0.
  0.
  0.
  0.
  0.
  -.2459501847605E-02
  -.5586908771588E-02
  -.7781301844019E-02
  -.9937567591108E-02
  -.1239713815305E-01
  -.1550476513568E-01
  -.1978509283760E-01
  -.2622670416121E-01
  -.3704276430237E-01
  -.5837928864497E-01
  -.1147140564756E+00
  -.4500344662086E+00
   .8817171866357E+00
  0.
  0.
  0.
  0.
  0.
  -.2095131203516E-02
  -.4748069739072E-02
  -.6575694471314E-02
  -.8318948627405E-02
  -.1023255847554E-01
  -.1254087562917E-01
  -.1554543008668E-01
  -.1974998758481E-01
  -.2613094225982E-01
  -.3689246712980E-01
  -.5817060310643E-01
  -.1144220283983E+00
  -.4495028794613E+00
   .8820567002767E+00
  0.
  0.
  0.
  0.
  -.1806147589238E-02
  -.4085569456716E-02
  -.5633024984168E-02
  -.7074015056592E-02
  -.8607262285243E-02
  -.1038889105375E-01
  -.1260696464347E-01
  -.1554560740129E-01
  -.1969871031893E-01
  -.2603605863563E-01
  -.3675615031451E-01
  -.5798763430139E-01
  -.1141698169895E+00
  -.4490470474136E+00
   .8823486752873E+00
  0.
  0.
  0.
  -.1573096287401E-02
  -.3553081044221E-02
  -.4881365449390E-02
  -.6094168376455E-02
  -.7351857396486E-02
  -.8769020410353E-02
  -.1047090086667E-01
  -.1263080601355E-01
  -.1552460235730E-01
  -.1964090429146E-01
  -.2594551786906E-01
  -.3663302369107E-01
  -.5782627094271E-01
  -.1139499086482E+00
  -.4486518687902E+00
   .8826024424802E+00
  0.
  0.
  -.1382417949534E-02
  -.3118589990815E-02
  -.4271980058666E-02
  -.5308056716060E-02
  -.6359655503952E-02
  -.7514537575045E-02
  -.8860709000062E-02
  -.1051074164720E-01
  -.1263090096553E-01
  -.1549265727864E-01
  -.1958152292005E-01
  -.2586069454264E-01
  -.3652185533223E-01
  -.5768311759818E-01
  -.1137565394091E+00
  -.4483060025296E+00
   .8828250407981E+00
  0.
  -.1224427326729E-02
  -.2759385843857E-02
  -.3770843936401E-02
  -.4667090372624E-02
  -.5560432249653E-02
  -.6520426875014E-02
  -.7611726082500E-02
  -.8911339251143E-02
  -.1052575080461E-01
  -.1261747220880E-01
  -.1545541630475E-01
  -.1952312301821E-01
  -.2578195380657E-01
  -.3642133321708E-01
  -.5755539196293E-01
  -.1135852227563E+00
  -.4480007669721E+00
   .8830218802525E+00

