   .0000000000000E+00
   .0000000000000E+00
   .0000000000000E+00
   .3046970000000E+00
   .0000000000000E+00
   .1410470000000E+00
   .0000000000000E+00
   .2864690000000E+00
   .0000000000000E+00
   .1641350000000E+00
   .0000000000000E+00
   .2614200000000E+00
   .0000000000000E+00
   .1755730000000E+00
   .0000000000000E+00
   .2437070000000E+00
   .0000000000000E+00
   .1691420000000E+00
   .0000000000000E+00
   .2306700000000E+00
   .0000000000000E+00
   .1610960000000E+00
   .0000000000000E+00
   .2205050000000E+00
   .0000000000000E+00
   .1543500000000E+00
   .0000000000000E+00
   .2122500000000E+00
   .0000000000000E+00
   .1103350000000E+00
   .0000000000000E+00
  -.9703800000000E-01
   .0000000000000E+00
   .1440920000000E+00
   .0000000000000E+00
   .0000000000000E+00
   .0000000000000E+00
   .0000000000000E+00
   .0000000000000E+00
   .0000000000000E+00
   .0000000000000E+00
   .0000000000000E+00
   .0000000000000E+00
   .0000000000000E+00
   .0000000000000E+00
  -.9298800000000E-01
   .0000000000000E+00
   .0000000000000E+00
   .0000000000000E+00
  -.1203960000000E+00
   .0000000000000E+00
  -.6901800000000E-01
   .0000000000000E+00
  -.1361540000000E+00
   .0000000000000E+00
  -.9620100000000E-01
   .0000000000000E+00
  -.1365170000000E+00
   .0000000000000E+00
  -.1130650000000E+00
   .0000000000000E+00
  -.1321950000000E+00
   .0000000000000E+00
   .5842100000000E-01
   .0000000000000E+00
  -.1277510000000E+00
   .0000000000000E+00
   .1152780000000E+00
   .0000000000000E+00
   .0000000000000E+00
   .0000000000000E+00
   .0000000000000E+00
   .0000000000000E+00
   .0000000000000E+00
   .0000000000000E+00
   .0000000000000E+00
   .0000000000000E+00
   .0000000000000E+00
   .0000000000000E+00
   .0000000000000E+00
   .0000000000000E+00
   .0000000000000E+00
   .0000000000000E+00
   .0000000000000E+00
   .0000000000000E+00
   .0000000000000E+00
   .0000000000000E+00
   .0000000000000E+00
   .0000000000000E+00
   .0000000000000E+00
   .0000000000000E+00
   .5378600000000E-01
   .0000000000000E+00
   .0000000000000E+00
   .0000000000000E+00
   .7989200000000E-01
   .0000000000000E+00
   .1487840000000E+00
   .0000000000000E+00
  -.2053390000000E+00
   .0000000000000E+00
   .6773100000000E-01
   .0000000000000E+00
   .0000000000000E+00
   .0000000000000E+00
   .3641830000000E+00
   .0000000000000E+00
  -.5277510000000E+00
   .0000000000000E+00
   .2154540000000E+00
  -.4748363000000E+00
  -.3307850000000E+00
   .0000000000000E+00
   .2726690000000E+00
  -.4437019000000E+00
  -.2582190000000E+00
   .1691099000000E+00
   .2987350000000E+00
  -.4156688000000E+00
  -.1701730000000E+00
   .2195032000000E+00
   .3115180000000E+00
  -.3870432000000E+00
  -.1024420000000E+00
   .2472458000000E+00
   .3177060000000E+00
  -.3604764000000E+00
  -.5261600000000E-01
   .2600612000000E+00
   .3203170000000E+00
  -.3367834000000E+00
  -.2091350000000E+00
   .2640009000000E+00
   .1937370000000E+00
  -.3159016000000E+00
   .1343700000000E-01
   .0000000000000E+00
   .0000000000000E+00
   .0000000000000E+00
   .0000000000000E+00
   .0000000000000E+00
   .0000000000000E+00
   .0000000000000E+00
   .0000000000000E+00
   .0000000000000E+00
   .0000000000000E+00
   .0000000000000E+00
   .2377380000000E+00
   .0000000000000E+00
   .0000000000000E+00
   .0000000000000E+00
   .2533010000000E+00
   .0000000000000E+00
   .1600660000000E+00
   .0000000000000E+00
   .2504800000000E+00
  -.8431640000000E-01
   .2024410000000E+00
   .0000000000000E+00
   .2138660000000E+00
  -.1276545000000E+00
   .2207270000000E+00
   .4887360000000E-01
   .1720630000000E+00
  -.1591643000000E+00
  -.9321100000000E-01
   .8175120000000E-01
   .1352340000000E+00
  -.1804384000000E+00
  -.1847210000000E+00
   .0000000000000E+00
   .0000000000000E+00
   .0000000000000E+00
   .0000000000000E+00
   .0000000000000E+00
   .0000000000000E+00
   .0000000000000E+00
   .0000000000000E+00
   .0000000000000E+00
   .0000000000000E+00
   .0000000000000E+00
   .0000000000000E+00
   .0000000000000E+00
   .0000000000000E+00
   .0000000000000E+00
   .0000000000000E+00
   .0000000000000E+00
   .0000000000000E+00
   .0000000000000E+00
   .0000000000000E+00
   .0000000000000E+00
   .0000000000000E+00
   .0000000000000E+00
  -.1194580000000E+00
   .0000000000000E+00
   .0000000000000E+00
   .0000000000000E+00
  -.1673540000000E+00
   .0000000000000E+00
  -.1524900000000E-01
   .0000000000000E+00
  -.3208740000000E+00
  -.3084510000000E-01
  -.1412080000000E+00
   .0000000000000E+00
   .0000000000000E+00
   .0000000000000E+00
   .0000000000000E+00
   .0000000000000E+00
   .0000000000000E+00
   .0000000000000E+00
   .3282700000000E+00
   .3046972000000E+00
  -.3937140000000E+00
   .0000000000000E+00
   .3277500000000E-01
  -.1287581000000E+00
  -.2770920000000E+00
  -.4570458000000E+00
   .6447700000000E-01
  -.1976447000000E+00
  -.3459810000000E+00
  -.3672992000000E+00
   .9287700000000E-01
  -.2450394000000E+00
  -.3628520000000E+00
  -.2892582000000E+00
   .1166170000000E+00
  -.2757218000000E+00
  -.3552450000000E+00
  -.2138947000000E+00
   .1360470000000E+00
  -.2947854000000E+00
   .1663630000000E+00
  -.1463372000000E+00
  -.1861070000000E+00
  -.3059725000000E+00
  -.3124900000000E+00
   .0000000000000E+00
   .0000000000000E+00
   .0000000000000E+00
   .0000000000000E+00
   .0000000000000E+00
   .0000000000000E+00
   .0000000000000E+00
   .0000000000000E+00
   .0000000000000E+00
   .0000000000000E+00
   .0000000000000E+00
  -.4944660000000E+00
   .0000000000000E+00
   .0000000000000E+00
   .0000000000000E+00
  -.2395100000000E+00
   .0000000000000E+00
  -.2474350000000E+00
   .0000000000000E+00
  -.1288210000000E+00
   .2173720000000E+00
  -.2238950000000E+00
   .0000000000000E+00
  -.5221000000000E-02
   .2584172000000E+00
  -.1870610000000E+00
  -.1203000000000E+00
   .8742600000000E-01
   .2658802000000E+00
   .8060000000000E-02
  -.1733934000000E+00
   .1493570000000E+00
   .2513244000000E+00
   .4403300000000E-01
   .0000000000000E+00
   .0000000000000E+00
   .0000000000000E+00
   .0000000000000E+00
   .0000000000000E+00
   .0000000000000E+00
   .0000000000000E+00
   .0000000000000E+00
   .0000000000000E+00
   .0000000000000E+00
   .0000000000000E+00
   .0000000000000E+00
   .0000000000000E+00
   .0000000000000E+00
   .0000000000000E+00
   .0000000000000E+00
   .0000000000000E+00
   .0000000000000E+00
   .0000000000000E+00
   .0000000000000E+00
   .0000000000000E+00
   .0000000000000E+00
   .0000000000000E+00
   .1627230000000E+00
   .0000000000000E+00
   .0000000000000E+00
   .0000000000000E+00
   .1883980000000E+00
   .0000000000000E+00
  -.3362840000000E+00
   .0000000000000E+00
  -.1518790000000E+00
   .7340130000000E-01
   .1583570000000E+00
   .0000000000000E+00
   .0000000000000E+00
   .0000000000000E+00
   .0000000000000E+00
   .0000000000000E+00
   .0000000000000E+00
   .0000000000000E+00
   .0000000000000E+00
   .0000000000000E+00
   .0000000000000E+00
   .0000000000000E+00
   .3258940000000E+00
   .3238208000000E+00
  -.3364530000000E+00
   .2842901000000E+00
   .3770000000000E-02
  -.2159340000000E-01
  -.7433900000000E-01
  -.1818067000000E+00
   .1089700000000E-01
  -.4858610000000E-01
  -.1337750000000E+00
  -.2568709000000E+00
   .2049900000000E-01
  -.7851110000000E-01
  -.1857890000000E+00
  -.3018107000000E+00
   .3132500000000E-01
  -.1074952000000E+00
  -.7678800000000E-01
  -.3201242000000E+00
   .1440700000000E+00
  -.1337313000000E+00
  -.2555770000000E+00
   .0000000000000E+00
   .0000000000000E+00
   .0000000000000E+00
   .0000000000000E+00
   .0000000000000E+00
   .0000000000000E+00
   .0000000000000E+00
   .0000000000000E+00
   .0000000000000E+00
   .0000000000000E+00
   .0000000000000E+00
   .0000000000000E+00
   .0000000000000E+00
   .0000000000000E+00
   .0000000000000E+00
  -.4096250000000E+00
   .0000000000000E+00
   .4711030000000E+00
   .0000000000000E+00
  -.2864290000000E+00
  -.4400617000000E+00
   .1792890000000E+00
   .0000000000000E+00
  -.3393940000000E+00
  -.2981670000000E+00
   .5439900000000E-01
   .2446847000000E+00
  -.3267170000000E+00
  -.1821420000000E+00
   .1741590000000E+00
   .2626622000000E+00
  -.2822740000000E+00
  -.7638540000000E-01
   .1690860000000E+00
   .0000000000000E+00
   .0000000000000E+00
   .0000000000000E+00
   .0000000000000E+00
   .0000000000000E+00
   .0000000000000E+00
   .0000000000000E+00
   .0000000000000E+00
   .0000000000000E+00
   .0000000000000E+00
   .0000000000000E+00
   .0000000000000E+00
   .0000000000000E+00
   .0000000000000E+00
   .0000000000000E+00
   .0000000000000E+00
   .0000000000000E+00
   .0000000000000E+00
   .0000000000000E+00
   .0000000000000E+00
   .0000000000000E+00
   .0000000000000E+00
   .0000000000000E+00
  -.2644970000000E+00
   .0000000000000E+00
   .0000000000000E+00
   .0000000000000E+00
  -.2070530000000E+00
   .0000000000000E+00
  -.2263260000000E+00
   .0000000000000E+00
  -.4249200000000E-01
  -.1442445000000E+00
  -.1835750000000E+00
   .0000000000000E+00
   .0000000000000E+00
   .0000000000000E+00
   .0000000000000E+00
   .0000000000000E+00
   .0000000000000E+00
   .0000000000000E+00
   .0000000000000E+00
   .0000000000000E+00
   .0000000000000E+00
   .0000000000000E+00
   .0000000000000E+00
   .0000000000000E+00
   .0000000000000E+00
   .0000000000000E+00
   .3257450000000E+00
   .3255759000000E+00
  -.3269600000000E+00
   .3196340000000E+00
   .3760000000000E-03
  -.2829500000000E-02
  -.1314400000000E-01
  -.4378250000000E-01
   .1509000000000E-02
  -.8795900000000E-02
  -.3259100000000E-01
  -.8789920000000E-01
   .3627000000000E-02
  -.1811470000000E-01
   .0000000000000E+00
  -.1348303000000E+00
  -.2205000000000E-02
  -.2996840000000E-01
  -.8571900000000E-01
   .0000000000000E+00
   .0000000000000E+00
   .0000000000000E+00
   .0000000000000E+00
   .0000000000000E+00
   .0000000000000E+00
   .0000000000000E+00
   .0000000000000E+00
   .0000000000000E+00
   .0000000000000E+00
   .0000000000000E+00
   .0000000000000E+00
   .0000000000000E+00
   .0000000000000E+00
   .0000000000000E+00
   .0000000000000E+00
   .0000000000000E+00
   .0000000000000E+00
   .0000000000000E+00
  -.3462050000000E+00
   .2651335000000E+00
   .4201730000000E+00
   .0000000000000E+00
  -.1083740000000E+00
  -.2189317000000E+00
   .2812300000000E+00
  -.4249439000000E+00
  -.1797310000000E+00
  -.2824549000000E+00
  -.4211990000000E+00
  -.2394522000000E+00
  -.2367040000000E+00
  -.3092510000000E+00
  -.2722700000000E+00
   .0000000000000E+00
   .0000000000000E+00
   .0000000000000E+00
   .0000000000000E+00
   .0000000000000E+00
   .0000000000000E+00
   .0000000000000E+00
   .0000000000000E+00
   .0000000000000E+00
   .0000000000000E+00
   .0000000000000E+00
   .0000000000000E+00
   .0000000000000E+00
   .0000000000000E+00
   .0000000000000E+00
   .0000000000000E+00
   .0000000000000E+00
   .0000000000000E+00
   .0000000000000E+00
   .0000000000000E+00
   .0000000000000E+00
   .0000000000000E+00
   .0000000000000E+00
   .4492390000000E+00
   .0000000000000E+00
   .0000000000000E+00
   .0000000000000E+00
   .1292680000000E+00
   .0000000000000E+00
  -.5790000000000E-01
   .0000000000000E+00
  -.6705000000000E-02
   .2643445000000E+00
   .1936470000000E+00
   .0000000000000E+00
   .0000000000000E+00
   .0000000000000E+00
   .0000000000000E+00
   .0000000000000E+00
   .0000000000000E+00
   .0000000000000E+00
   .0000000000000E+00
   .0000000000000E+00
   .0000000000000E+00
   .0000000000000E+00
   .0000000000000E+00
   .0000000000000E+00
   .0000000000000E+00
   .0000000000000E+00
   .0000000000000E+00
   .0000000000000E+00
   .0000000000000E+00
   .0000000000000E+00
   .3257360000000E+00
   .3257226000000E+00
  -.3258560000000E+00
   .3249761000000E+00
   .3400000000000E-04
  -.3197000000000E-03
  -.1862000000000E-02
  -.7876700000000E-02
   .1830000000000E-03
  -.1315400000000E-02
  -.4089570000000E+00
  -.2099740000000E-01
  -.2689710000000E+00
  -.3377200000000E-02
  -.1351200000000E-01
   .0000000000000E+00
   .0000000000000E+00
   .0000000000000E+00
   .0000000000000E+00
   .0000000000000E+00
   .0000000000000E+00
   .0000000000000E+00
   .0000000000000E+00
   .0000000000000E+00
   .0000000000000E+00
   .0000000000000E+00
   .0000000000000E+00
   .0000000000000E+00
   .0000000000000E+00
   .0000000000000E+00
   .0000000000000E+00
   .0000000000000E+00
   .0000000000000E+00
   .0000000000000E+00
   .0000000000000E+00
   .0000000000000E+00
   .0000000000000E+00
   .0000000000000E+00
  -.3291450000000E+00
   .3136880000000E+00
   .3563430000000E+00
   .2469843000000E+00
  -.2567500000000E-01
  -.6715810000000E-01
   .1841090000000E+00
  -.2477594000000E+00
  -.5661300000000E-01
  -.1223266000000E+00
  -.2108660000000E+00
   .0000000000000E+00
   .0000000000000E+00
   .0000000000000E+00
   .0000000000000E+00
   .0000000000000E+00
   .0000000000000E+00
   .0000000000000E+00
   .0000000000000E+00
   .0000000000000E+00
   .0000000000000E+00
   .0000000000000E+00
   .0000000000000E+00
   .0000000000000E+00
   .0000000000000E+00
   .0000000000000E+00
   .0000000000000E+00
   .0000000000000E+00
   .0000000000000E+00
   .0000000000000E+00
   .0000000000000E+00
   .0000000000000E+00
   .0000000000000E+00
   .0000000000000E+00
   .0000000000000E+00
   .0000000000000E+00
   .0000000000000E+00
   .0000000000000E+00
   .4271560000000E+00
   .0000000000000E+00
  -.6098000000000E-02
   .0000000000000E+00
  -.5500000000000E-03
  -.4105007000000E+00
  -.8377200000000E-01
   .0000000000000E+00
   .0000000000000E+00
   .0000000000000E+00
   .0000000000000E+00
   .0000000000000E+00
   .0000000000000E+00
   .0000000000000E+00
   .0000000000000E+00
   .0000000000000E+00
   .0000000000000E+00
   .0000000000000E+00
   .0000000000000E+00
   .0000000000000E+00
   .0000000000000E+00
   .0000000000000E+00
   .0000000000000E+00
   .0000000000000E+00
   .0000000000000E+00
   .0000000000000E+00
   .0000000000000E+00
   .0000000000000E+00
   .0000000000000E+00
   .0000000000000E+00
   .3257350000000E+00
   .3257341000000E+00
  -.3257460000000E+00
   .3256517000000E+00
   .3000000000000E-05
  -.3270000000000E-04
  -.2222730000000E+00
  -.1173400000000E-02
  -.3663340000000E+00
  -.1724000000000E-03
  -.9580000000000E-03
   .0000000000000E+00
   .0000000000000E+00
   .0000000000000E+00
   .0000000000000E+00
   .0000000000000E+00
   .0000000000000E+00
   .0000000000000E+00
   .0000000000000E+00
   .0000000000000E+00
   .0000000000000E+00
   .0000000000000E+00
   .0000000000000E+00
   .0000000000000E+00
   .0000000000000E+00
   .0000000000000E+00
   .0000000000000E+00
   .0000000000000E+00
   .0000000000000E+00
   .0000000000000E+00
   .0000000000000E+00
   .0000000000000E+00
   .0000000000000E+00
   .0000000000000E+00
   .0000000000000E+00
   .0000000000000E+00
   .0000000000000E+00
   .0000000000000E+00
  -.3261960000000E+00
   .3237555000000E+00
  -.2471720000000E+00
   .3063459000000E+00
  -.4698000000000E-02
  -.1522530000000E-01
  -.4041800000000E-01
   .0000000000000E+00
   .0000000000000E+00
   .0000000000000E+00
   .0000000000000E+00
   .0000000000000E+00
   .0000000000000E+00
   .0000000000000E+00
   .0000000000000E+00
   .0000000000000E+00
   .0000000000000E+00
   .0000000000000E+00
   .0000000000000E+00
   .0000000000000E+00
   .0000000000000E+00
   .0000000000000E+00
   .0000000000000E+00
   .0000000000000E+00
   .0000000000000E+00
   .0000000000000E+00
   .0000000000000E+00
   .0000000000000E+00
   .0000000000000E+00
   .0000000000000E+00
   .0000000000000E+00
   .0000000000000E+00
   .0000000000000E+00
   .0000000000000E+00
   .0000000000000E+00
   .0000000000000E+00
  -.2280000000000E-03
   .0000000000000E+00
  -.2000000000000E-04
   .2297289000000E+00
  -.4311630000000E+00
   .0000000000000E+00
   .0000000000000E+00
   .0000000000000E+00
   .0000000000000E+00
   .0000000000000E+00
   .0000000000000E+00
   .0000000000000E+00
   .0000000000000E+00
   .0000000000000E+00
   .0000000000000E+00
   .0000000000000E+00
   .0000000000000E+00
   .0000000000000E+00
   .0000000000000E+00
   .0000000000000E+00
   .0000000000000E+00
   .0000000000000E+00
   .0000000000000E+00
   .0000000000000E+00
   .0000000000000E+00
   .0000000000000E+00
   .0000000000000E+00
   .0000000000000E+00
   .0000000000000E+00
   .0000000000000E+00
   .0000000000000E+00
   .0000000000000E+00
   .3257350000000E+00
   .3257349000000E+00
   .0000000000000E+00
   .3257267000000E+00
   .0000000000000E+00
  -.3100000000000E-05
  -.2600000000000E-04
   .0000000000000E+00
   .0000000000000E+00
   .0000000000000E+00
   .0000000000000E+00
   .0000000000000E+00
   .0000000000000E+00
   .0000000000000E+00
   .0000000000000E+00
   .0000000000000E+00
   .0000000000000E+00
   .0000000000000E+00
   .0000000000000E+00
   .0000000000000E+00
   .0000000000000E+00
   .0000000000000E+00
   .0000000000000E+00
   .0000000000000E+00
   .0000000000000E+00
   .0000000000000E+00
   .0000000000000E+00
   .0000000000000E+00
   .0000000000000E+00
   .0000000000000E+00
   .0000000000000E+00
   .0000000000000E+00
   .0000000000000E+00
   .0000000000000E+00
   .0000000000000E+00
   .0000000000000E+00
   .0000000000000E+00
   .0000000000000E+00
  -.3257900000000E+00
   .3254557000000E+00
  -.3268820000000E+00
   .0000000000000E+00
   .0000000000000E+00
   .0000000000000E+00
   .0000000000000E+00
   .0000000000000E+00
   .0000000000000E+00
   .0000000000000E+00
   .0000000000000E+00
   .0000000000000E+00
   .0000000000000E+00
   .0000000000000E+00
   .0000000000000E+00
   .0000000000000E+00
   .0000000000000E+00
   .0000000000000E+00
   .0000000000000E+00
   .0000000000000E+00
   .0000000000000E+00
   .0000000000000E+00
   .0000000000000E+00
   .0000000000000E+00
   .0000000000000E+00
   .0000000000000E+00
   .0000000000000E+00
   .0000000000000E+00
   .0000000000000E+00
   .0000000000000E+00
   .0000000000000E+00
   .0000000000000E+00
  -.3257360000000E+00
   .0000000000000E+00
   .0000000000000E+00
   .0000000000000E+00
   .0000000000000E+00
   .0000000000000E+00
   .0000000000000E+00
   .0000000000000E+00
   .0000000000000E+00
   .0000000000000E+00
   .0000000000000E+00
   .0000000000000E+00
   .0000000000000E+00
   .0000000000000E+00
   .0000000000000E+00
   .0000000000000E+00
   .0000000000000E+00
   .0000000000000E+00
   .0000000000000E+00
   .0000000000000E+00
   .0000000000000E+00
   .0000000000000E+00
   .0000000000000E+00
   .0000000000000E+00
   .0000000000000E+00
   .0000000000000E+00
   .0000000000000E+00
   .0000000000000E+00
   .0000000000000E+00
   .0000000000000E+00
   .0000000000000E+00
   .0000000000000E+00
   .0000000000000E+00
   .0000000000000E+00
   .0000000000000E+00
   .0000000000000E+00
   .0000000000000E+00
   .3257350000000E+00
  -.3257350000000E+00
   .0000000000000E+00
   .0000000000000E+00
   .0000000000000E+00
   .0000000000000E+00
   .0000000000000E+00
   .0000000000000E+00
   .0000000000000E+00
   .0000000000000E+00
   .0000000000000E+00
   .0000000000000E+00
   .0000000000000E+00
   .0000000000000E+00
   .0000000000000E+00
   .0000000000000E+00
   .0000000000000E+00
   .0000000000000E+00
   .0000000000000E+00
   .0000000000000E+00
   .0000000000000E+00
   .0000000000000E+00
   .0000000000000E+00
   .0000000000000E+00
   .0000000000000E+00
   .0000000000000E+00
   .0000000000000E+00
   .0000000000000E+00
   .0000000000000E+00
   .0000000000000E+00
   .0000000000000E+00
   .0000000000000E+00
   .0000000000000E+00
   .0000000000000E+00
   .0000000000000E+00
   .0000000000000E+00
   .0000000000000E+00
   .0000000000000E+00
   .0000000000000E+00
   .0000000000000E+00
   .0000000000000E+00
   .0000000000000E+00
   .0000000000000E+00
   .0000000000000E+00
   .0000000000000E+00
   .0000000000000E+00
   .0000000000000E+00
   .0000000000000E+00
   .0000000000000E+00
   .0000000000000E+00
   .0000000000000E+00
   .0000000000000E+00
   .0000000000000E+00
   .0000000000000E+00
   .0000000000000E+00
   .0000000000000E+00
   .0000000000000E+00
   .0000000000000E+00
   .0000000000000E+00
   .0000000000000E+00
   .0000000000000E+00
   .0000000000000E+00
   .0000000000000E+00
   .0000000000000E+00
   .0000000000000E+00
   .0000000000000E+00
   .0000000000000E+00
  -.3257350000000E+00
   .0000000000000E+00
   .0000000000000E+00
