   .1224744871392E+01
   .0000000000000E+00
   .0000000000000E+00
   .0000000000000E+00
   .6463604199547E+00
   .0000000000000E+00
   .3596019999357E+00
   .0000000000000E+00
   .8351931913920E+00
  -.4391511989187E-14
   .5318582390083E+00
   .0000000000000E+00
   .9242591707666E+00
  -.2671797900295E-14
   .6685618017758E+00
  -.4986574102350E-14
   .9899417023903E+00
  -.1192761905290E-13
   .7275081415836E+00
   .2911221433190E-16
   .1044404824105E+01
  -.6493387721545E-13
   .7641435789422E+00
   .3054097722930E-13
   .1091453795013E+01
   .1731253221672E-13
   .7945643568034E+00
  -.2773367041820E-13
   .1133106019802E+01
  -.8036730575899E-14
   .6093446633017E+00
  -.9769998696348E-14
  -.5532036996239E+00
  -.2598837105381E-13
   .8463514803715E+00
   .0000000000000E+00
   .0000000000000E+00
   .0000000000000E+00
   .0000000000000E+00
   .0000000000000E+00
   .0000000000000E+00
   .0000000000000E+00
   .0000000000000E+00
   .0000000000000E+00
   .0000000000000E+00
   .0000000000000E+00
  -.3287620972325E+00
   .0000000000000E+00
   .0000000000000E+00
   .0000000000000E+00
  -.4890525160059E+00
   .0000000000000E+00
  -.2968567938578E+00
   .0000000000000E+00
  -.6164652802796E+00
  -.1022873141988E-13
  -.4563189142909E+00
   .0000000000000E+00
  -.6757261631318E+00
  -.2743749963815E-13
  -.5820381955387E+00
   .1197892747439E-13
  -.7057278699133E+00
   .2603026452960E-13
   .3226445509841E+00
  -.4388578942720E-13
  -.7282927363746E+00
   .8350123409343E-14
   .6771075887095E+00
   .0000000000000E+00
   .0000000000000E+00
   .0000000000000E+00
   .0000000000000E+00
   .0000000000000E+00
   .0000000000000E+00
   .0000000000000E+00
   .0000000000000E+00
   .0000000000000E+00
   .0000000000000E+00
   .0000000000000E+00
   .0000000000000E+00
   .0000000000000E+00
   .0000000000000E+00
   .0000000000000E+00
   .0000000000000E+00
   .0000000000000E+00
   .0000000000000E+00
   .0000000000000E+00
   .0000000000000E+00
   .0000000000000E+00
   .0000000000000E+00
   .0000000000000E+00
   .2662268557239E+00
   .0000000000000E+00
   .0000000000000E+00
   .0000000000000E+00
   .4265058785393E+00
   .0000000000000E+00
   .8216822645229E+00
   .0000000000000E+00
  -.1170611039856E+01
   .3917722024978E-13
   .3978324019438E+00
   .0000000000000E+00
   .0000000000000E+00
   .0000000000000E+00
  -.1615904614135E+00
   .0000000000000E+00
  -.5843524391024E+00
   .0000000000000E+00
   .4697956125239E+00
   .1317453563428E-13
  -.1661966149991E-01
   .0000000000000E+00
  -.4476873161857E+00
   .2657539614489E-14
  -.4648585861804E+00
   .6908539670690E-14
   .4988381860110E+00
   .9596116764691E-14
   .3168645555674E+00
   .9546335800552E-14
  -.5211822748964E+00
   .2534881828097E-13
  -.3973698375954E+00
   .4183893426654E-13
   .5459928528681E+00
  -.1949837986683E-13
   .3925288982802E+00
   .2106239783771E-13
  -.5664841390441E+00
  -.5061805310935E-13
  -.6044413495707E+00
  -.1589367937574E-14
  -.6186408783546E+00
  -.3946374067403E-14
   .4227561024103E+00
   .0000000000000E+00
   .0000000000000E+00
   .0000000000000E+00
   .0000000000000E+00
   .0000000000000E+00
   .0000000000000E+00
   .0000000000000E+00
   .0000000000000E+00
   .0000000000000E+00
   .0000000000000E+00
   .0000000000000E+00
  -.7183109704620E+00
   .0000000000000E+00
   .0000000000000E+00
   .0000000000000E+00
  -.1115169031947E+00
   .0000000000000E+00
   .8226606024606E+00
   .0000000000000E+00
  -.5126170425948E+00
   .4982987167579E-13
   .1802677194619E+00
   .0000000000000E+00
   .2506914532477E+00
   .1163269594260E-13
   .5656420398125E+00
   .6322808535664E-13
  -.3857692441711E+00
   .1739932029627E-13
   .8011091748269E+00
  -.2877787212515E-13
   .3525797654642E+00
  -.1723493731989E-13
  -.3946698300404E+00
   .0000000000000E+00
   .0000000000000E+00
   .0000000000000E+00
   .0000000000000E+00
   .0000000000000E+00
   .0000000000000E+00
   .0000000000000E+00
   .0000000000000E+00
   .0000000000000E+00
   .0000000000000E+00
   .0000000000000E+00
   .0000000000000E+00
   .0000000000000E+00
   .0000000000000E+00
   .0000000000000E+00
   .0000000000000E+00
   .0000000000000E+00
   .0000000000000E+00
   .0000000000000E+00
   .0000000000000E+00
   .0000000000000E+00
   .0000000000000E+00
   .0000000000000E+00
   .9100600064336E+00
   .0000000000000E+00
   .0000000000000E+00
   .0000000000000E+00
   .2345264339641E+00
   .0000000000000E+00
  -.4122731059946E+00
   .0000000000000E+00
  -.5853242715896E+00
   .4483164058727E-13
  -.2788427723548E+00
   .0000000000000E+00
   .0000000000000E+00
   .0000000000000E+00
  -.4309068410291E+00
   .0000000000000E+00
   .6392916755782E+00
   .0000000000000E+00
   .2474646777251E+00
  -.1956943953316E+00
  -.8404673134002E+00
   .0000000000000E+00
  -.1217128108120E+00
   .2631670652199E+00
   .7043285752308E+00
   .1768730865615E+00
   .5793857182125E-01
  -.2368676067367E+00
  -.4541798474604E+00
  -.3006038018019E+00
  -.2716664419625E-01
   .1466565939580E+00
   .2650285010773E+00
   .3427424419228E+00
   .1261944993984E-01
  -.3811106867645E-01
  -.1469747272184E+00
  -.2892348620212E+00
  -.5821885238607E-02
  -.4871613270546E-01
  -.9739227843682E+00
   .1722639097179E+00
  -.1083391780835E+01
   .8996748972564E-01
  -.4123220894706E-01
   .0000000000000E+00
   .0000000000000E+00
   .0000000000000E+00
   .0000000000000E+00
   .0000000000000E+00
   .0000000000000E+00
   .0000000000000E+00
   .0000000000000E+00
   .0000000000000E+00
   .0000000000000E+00
   .0000000000000E+00
  -.5730412089061E+00
   .0000000000000E+00
   .0000000000000E+00
   .0000000000000E+00
   .9821299345118E+00
   .0000000000000E+00
  -.3286636676706E+00
   .0000000000000E+00
  -.1076394021555E+01
  -.1248912371152E+00
   .8543970209472E+00
   .0000000000000E+00
   .8672871469943E+00
   .2710965869576E+00
  -.1222426257004E+01
   .6507444721294E-01
  -.6007485930232E+00
  -.3811952204258E+00
  -.7599599778844E+00
  -.1987776942998E+00
   .3841931075246E+00
   .3995799061684E+00
   .9897192044666E+00
   .0000000000000E+00
   .0000000000000E+00
   .0000000000000E+00
   .0000000000000E+00
   .0000000000000E+00
   .0000000000000E+00
   .0000000000000E+00
   .0000000000000E+00
   .0000000000000E+00
   .0000000000000E+00
   .0000000000000E+00
   .0000000000000E+00
   .0000000000000E+00
   .0000000000000E+00
   .0000000000000E+00
   .0000000000000E+00
   .0000000000000E+00
   .0000000000000E+00
   .0000000000000E+00
   .0000000000000E+00
   .0000000000000E+00
   .0000000000000E+00
   .0000000000000E+00
   .3115291328982E-01
   .0000000000000E+00
   .0000000000000E+00
   .0000000000000E+00
  -.5170470812160E+00
   .0000000000000E+00
   .7881275721803E-01
   .0000000000000E+00
  -.2673933499099E-02
  -.1329704493089E-01
  -.8516421576469E-01
   .0000000000000E+00
   .0000000000000E+00
   .0000000000000E+00
   .1292720079536E+00
   .0000000000000E+00
  -.2445288825613E+00
   .0000000000000E+00
  -.1804016040767E+00
  -.4739432346081E+00
  -.5352614547630E+00
   .0000000000000E+00
   .4687843883317E+00
  -.5792164397768E+00
  -.1345681104856E+00
  -.1207725133127E+00
   .2919079370766E+00
   .3103806355895E-01
  -.2126980098540E+00
  -.7531764664163E+00
  -.4601229235349E+00
   .3989648251661E-01
  -.6894659236246E+00
  -.5498121946798E+00
   .1093130621168E+00
  -.5028856636450E+00
  -.1988929099660E+00
   .3493218581130E-01
   .5432048781166E+00
  -.1004710200671E+00
  -.3143805279088E+00
  -.4351196697963E+00
   .2872691561687E+00
   .3596554891869E+00
  -.4201737233101E+00
   .0000000000000E+00
   .0000000000000E+00
   .0000000000000E+00
   .0000000000000E+00
   .0000000000000E+00
   .0000000000000E+00
   .0000000000000E+00
   .0000000000000E+00
   .0000000000000E+00
   .0000000000000E+00
   .0000000000000E+00
   .2502098918214E+00
   .0000000000000E+00
   .0000000000000E+00
   .0000000000000E+00
  -.2775467573596E+00
   .0000000000000E+00
  -.4078568216233E+00
   .0000000000000E+00
  -.4128362224242E+00
   .3436881828023E+00
  -.3189908863063E+00
   .0000000000000E+00
  -.7234898965265E-01
  -.1697121742419E+00
   .2170603332524E+00
   .3582248626984E+00
  -.4990760105590E+00
  -.7520714697333E+00
   .1827417888219E+00
   .5377223830807E+00
  -.7789916348943E+00
  -.2845490758297E+00
   .2195721753736E-01
   .0000000000000E+00
   .0000000000000E+00
   .0000000000000E+00
   .0000000000000E+00
   .0000000000000E+00
   .0000000000000E+00
   .0000000000000E+00
   .0000000000000E+00
   .0000000000000E+00
   .0000000000000E+00
   .0000000000000E+00
   .0000000000000E+00
   .0000000000000E+00
   .0000000000000E+00
   .0000000000000E+00
   .0000000000000E+00
   .0000000000000E+00
   .0000000000000E+00
   .0000000000000E+00
   .0000000000000E+00
   .0000000000000E+00
   .0000000000000E+00
   .0000000000000E+00
  -.3905548836347E-01
   .0000000000000E+00
   .0000000000000E+00
   .0000000000000E+00
  -.5096532264003E+00
   .0000000000000E+00
   .1806964926801E+00
   .0000000000000E+00
   .3603914252632E+00
  -.4277279308417E-01
   .4704897384232E-01
   .0000000000000E+00
   .0000000000000E+00
   .0000000000000E+00
  -.1615900389841E+00
   .0000000000000E+00
   .1847957184300E+00
   .0000000000000E+00
  -.3344643626808E+00
   .6053986368443E+00
   .4302874381403E+00
   .0000000000000E+00
   .2321941761615E+00
  -.3486809439378E+00
  -.5816604170916E+00
  -.4054943603291E+00
   .9722538108990E-01
  -.4094645311358E+00
  -.3463174970880E+00
  -.2507046333566E+00
  -.1667455738955E+00
   .5859872555733E+00
   .7524744268770E+00
   .7013779000434E+00
   .1610883084620E-01
  -.1119076971997E+00
  -.8797170813505E-01
   .7043512620640E-01
   .8073526791882E-01
  -.2715647877900E+00
   .4290163159145E+00
  -.9134643309621E+00
   .7523118094663E-01
   .2166887305376E+00
   .2996626490470E+00
   .0000000000000E+00
   .0000000000000E+00
   .0000000000000E+00
   .0000000000000E+00
   .0000000000000E+00
   .0000000000000E+00
   .0000000000000E+00
   .0000000000000E+00
   .0000000000000E+00
   .0000000000000E+00
   .0000000000000E+00
  -.3341820653310E+00
   .0000000000000E+00
   .0000000000000E+00
   .0000000000000E+00
   .7652279922038E-01
   .0000000000000E+00
  -.4403642482342E+00
   .0000000000000E+00
  -.1308696257854E+00
   .4501831659675E+00
  -.1712287342832E+00
   .0000000000000E+00
   .6038773372749E+00
  -.2556433450462E-01
   .4812734051984E+00
  -.5130075941689E+00
  -.1077694264068E+00
  -.1401505714272E+00
  -.3423141253142E+00
  -.9609012839269E-01
  -.8432046168085E+00
  -.4187597048220E+00
  -.6878337238534E-01
   .0000000000000E+00
   .0000000000000E+00
   .0000000000000E+00
   .0000000000000E+00
   .0000000000000E+00
   .0000000000000E+00
   .0000000000000E+00
   .0000000000000E+00
   .0000000000000E+00
   .0000000000000E+00
   .0000000000000E+00
   .0000000000000E+00
   .0000000000000E+00
   .0000000000000E+00
   .0000000000000E+00
   .0000000000000E+00
   .0000000000000E+00
   .0000000000000E+00
   .0000000000000E+00
   .0000000000000E+00
   .0000000000000E+00
   .0000000000000E+00
   .0000000000000E+00
   .2637331644184E+00
   .0000000000000E+00
   .0000000000000E+00
   .0000000000000E+00
   .1833694198728E+00
   .0000000000000E+00
  -.5171536236595E+00
   .0000000000000E+00
   .4076810224641E-01
   .4504600608925E+00
  -.6294304528808E-01
   .0000000000000E+00
   .0000000000000E+00
   .0000000000000E+00
  -.3112103848244E+00
   .0000000000000E+00
   .1524237790877E+00
   .0000000000000E+00
   .1936182392499E+00
  -.1089739659263E+00
   .1335661663677E+00
   .0000000000000E+00
  -.2075148431035E+00
   .1652720886728E+00
   .1671417298892E+00
   .3872630273314E-01
   .1967030021760E+00
  -.2077745229665E+00
  -.4501087448904E+00
  -.7794704666831E-01
  -.1637013755027E+00
   .2389268534982E+00
   .4827994942100E+00
   .1218973314598E+00
   .1329068247994E+00
  -.2607572190073E+00
  -.4530607172976E+00
  -.1668246195640E+00
  -.1086426122229E+00
   .2744387064561E+00
   .5391675257589E+00
   .2105624290578E+00
  -.2469145045592E+00
  -.2806744625139E+00
  -.4129613421403E+00
   .0000000000000E+00
   .0000000000000E+00
   .0000000000000E+00
   .0000000000000E+00
   .0000000000000E+00
   .0000000000000E+00
   .0000000000000E+00
   .0000000000000E+00
   .0000000000000E+00
   .0000000000000E+00
   .0000000000000E+00
   .6335032572649E+00
   .0000000000000E+00
   .0000000000000E+00
   .0000000000000E+00
  -.5917294565261E+00
   .0000000000000E+00
   .3665294727089E+00
   .0000000000000E+00
   .5069273216780E-02
   .1243793880262E-01
   .1320988055601E+00
   .0000000000000E+00
   .1567742594402E+00
  -.1130273315542E-01
  -.2068085841770E+00
  -.2028022963831E-01
  -.1162922506989E+00
  -.1963500756603E-03
  -.6603362868598E-01
   .3779340406848E-01
   .1926529231461E+00
   .2122559171585E-01
  -.5011307958077E+00
   .0000000000000E+00
   .0000000000000E+00
   .0000000000000E+00
   .0000000000000E+00
   .0000000000000E+00
   .0000000000000E+00
   .0000000000000E+00
   .0000000000000E+00
   .0000000000000E+00
   .0000000000000E+00
   .0000000000000E+00
   .0000000000000E+00
   .0000000000000E+00
   .0000000000000E+00
   .0000000000000E+00
   .0000000000000E+00
   .0000000000000E+00
   .0000000000000E+00
   .0000000000000E+00
   .0000000000000E+00
   .0000000000000E+00
   .0000000000000E+00
   .0000000000000E+00
   .5186659140997E+00
   .0000000000000E+00
   .0000000000000E+00
   .0000000000000E+00
  -.8868899164906E+00
   .0000000000000E+00
   .4337421697119E+00
   .0000000000000E+00
  -.8884649212340E-01
   .4539359174410E-02
  -.1438580550239E+00
   .0000000000000E+00
   .0000000000000E+00
   .0000000000000E+00
   .3554979743492E+00
   .0000000000000E+00
   .1977792318974E-01
   .0000000000000E+00
  -.7809052505537E-01
  -.1876958217677E+00
  -.3816877363431E+00
   .0000000000000E+00
  -.1020150811227E+00
  -.5298709048946E+00
  -.5534571509834E+00
   .2362986888032E+00
   .4219323718259E+00
  -.7159657013560E+00
  -.2379662821295E+00
   .2162370033952E+00
   .6982748541728E+00
  -.4648613503039E+00
  -.6194963103808E-01
  -.2182907433865E+00
   .2259371157554E+00
  -.6107853905197E-01
  -.4077596134333E+00
  -.6971196440688E+00
  -.3886780361411E+00
  -.3811596662040E-01
   .4255501027762E+00
  -.6714743175185E+00
  -.2829961406876E+00
  -.4161886222519E+00
  -.7194403781486E+00
   .0000000000000E+00
   .0000000000000E+00
   .0000000000000E+00
   .0000000000000E+00
   .0000000000000E+00
   .0000000000000E+00
   .0000000000000E+00
   .0000000000000E+00
   .0000000000000E+00
   .0000000000000E+00
   .0000000000000E+00
   .3592836205738E+00
   .0000000000000E+00
   .0000000000000E+00
   .0000000000000E+00
   .4299037174519E+00
   .0000000000000E+00
   .1674656904385E+00
   .0000000000000E+00
   .8180727351089E-01
   .3190327507348E-01
  -.1762471440988E+00
   .0000000000000E+00
  -.2220750084021E+00
   .3837638866644E+00
  -.5064445730748E+00
  -.2246990031533E+00
  -.5806387962679E-01
   .6693175398847E+00
   .1084336452854E+00
  -.3202471041330E+00
   .1990032930197E+00
   .4225256215801E+00
   .5893606510619E-01
   .0000000000000E+00
   .0000000000000E+00
   .0000000000000E+00
   .0000000000000E+00
   .0000000000000E+00
   .0000000000000E+00
   .0000000000000E+00
   .0000000000000E+00
   .0000000000000E+00
   .0000000000000E+00
   .0000000000000E+00
   .0000000000000E+00
   .0000000000000E+00
   .0000000000000E+00
   .0000000000000E+00
   .0000000000000E+00
   .0000000000000E+00
   .0000000000000E+00
   .0000000000000E+00
   .0000000000000E+00
   .0000000000000E+00
   .0000000000000E+00
   .0000000000000E+00
   .2471554943674E+00
   .0000000000000E+00
   .0000000000000E+00
   .0000000000000E+00
   .4740706048171E+00
   .0000000000000E+00
  -.8363819927371E+00
   .0000000000000E+00
   .2684074450862E+00
   .5352060536692E-01
   .2916859449272E-01
   .0000000000000E+00
   .0000000000000E+00
   .0000000000000E+00
   .1388872451391E+00
   .0000000000000E+00
   .4755084921712E-01
   .0000000000000E+00
  -.4805458851661E+00
   .4325321336645E+00
   .2185404034165E+00
   .0000000000000E+00
  -.3924505257557E+00
   .6012943345924E+00
   .4131512800601E+00
  -.3104796764763E+00
   .1948742523619E+00
  -.1652532776374E+00
  -.3124754438780E+00
  -.2037257845836E+00
   .3980309112209E+00
  -.8567007295514E+00
  -.8471899577522E+00
  -.1661094083217E+00
   .4576333008738E-01
  -.2141870540829E+00
  -.1211404408327E+00
  -.5591754696989E-01
  -.2729629615967E+00
   .7381443468310E+00
   .2925507423322E+00
   .5073099410402E+00
  -.7581348805388E-01
   .4579117550668E+00
   .6037633993483E+00
   .0000000000000E+00
   .0000000000000E+00
   .0000000000000E+00
   .0000000000000E+00
   .0000000000000E+00
   .0000000000000E+00
   .0000000000000E+00
   .0000000000000E+00
   .0000000000000E+00
   .0000000000000E+00
   .0000000000000E+00
  -.3760191604631E+00
   .0000000000000E+00
   .0000000000000E+00
   .0000000000000E+00
  -.3767330080722E+00
   .0000000000000E+00
  -.1931689402198E+00
   .0000000000000E+00
   .2133440403343E+00
   .2697941309391E+00
  -.3878934402114E-01
   .0000000000000E+00
   .3491092149692E+00
   .4704986121358E+00
  -.2982213784654E+00
  -.3297702284770E+00
   .1793028994487E-01
   .2399647730858E+00
  -.1672659350729E+00
  -.3060667144485E+00
   .8699743786244E-01
  -.3980427525978E+00
  -.6393274252611E+00
   .0000000000000E+00
   .0000000000000E+00
   .0000000000000E+00
   .0000000000000E+00
   .0000000000000E+00
   .0000000000000E+00
   .0000000000000E+00
   .0000000000000E+00
   .0000000000000E+00
   .0000000000000E+00
   .0000000000000E+00
   .0000000000000E+00
   .0000000000000E+00
   .0000000000000E+00
   .0000000000000E+00
   .0000000000000E+00
   .0000000000000E+00
   .0000000000000E+00
   .0000000000000E+00
   .0000000000000E+00
   .0000000000000E+00
   .0000000000000E+00
   .0000000000000E+00
   .2359224496681E+00
   .0000000000000E+00
   .0000000000000E+00
   .0000000000000E+00
   .4823423258477E+00
   .0000000000000E+00
   .8637463335812E+00
   .0000000000000E+00
   .1640333692167E+00
   .2468507686706E+00
   .8198241036647E-01

